zipcode, italian, breakfast_brunch, newamerican, pizza, tradamerican, sandwiches, chinese, bars, japanese, mexican, seafood, delis, coffee, salad, mediterranean, french, indpak, thai, asianfusion, korean, latin, desserts, bakeries
10001, 0.041, 0.082, 0.134, 0.056, 0.075, 0.049, 0.049, 0.049, 0.022, 0.026, 0.034, 0.022, 0.026, 0.045, 0.011, 0.015, 0.026, 0.011, 0.026, 0.149, 0.015, 0.034, 0.004
10002, 0.043, 0.088, 0.071, 0.073, 0.043, 0.066, 0.162, 0.063, 0.051, 0.043, 0.03, 0.03, 0.038, 0.028, 0.015, 0.02, 0.008, 0.025, 0.018, 0.005, 0.013, 0.028, 0.04
10003, 0.099, 0.078, 0.075, 0.056, 0.075, 0.032, 0.04, 0.067, 0.11, 0.048, 0.043, 0.011, 0.024, 0.013, 0.032, 0.032, 0.032, 0.029, 0.032, 0.027, 0.005, 0.029, 0.011
10004, 0.128, 0.064, 0.064, 0.085, 0.085, 0.043, 0.043, 0.106, 0.043, 0.085, 0.149, 0.0, 0.0, 0.021, 0.021, 0.0, 0.0, 0.021, 0.043, 0.0, 0.0, 0.0, 0.0
10005, 0.038, 0.135, 0.096, 0.077, 0.038, 0.135, 0.019, 0.0, 0.019, 0.058, 0.019, 0.077, 0.058, 0.115, 0.019, 0.0, 0.058, 0.019, 0.019, 0.0, 0.0, 0.0, 0.0
10006, 0.062, 0.083, 0.083, 0.146, 0.104, 0.083, 0.062, 0.146, 0.021, 0.042, 0.0, 0.062, 0.042, 0.0, 0.0, 0.021, 0.021, 0.0, 0.0, 0.021, 0.0, 0.0, 0.0
10007, 0.049, 0.106, 0.073, 0.089, 0.065, 0.114, 0.024, 0.016, 0.065, 0.041, 0.024, 0.057, 0.073, 0.073, 0.016, 0.016, 0.041, 0.0, 0.008, 0.024, 0.008, 0.0, 0.016
10009, 0.064, 0.085, 0.085, 0.09, 0.038, 0.081, 0.043, 0.085, 0.056, 0.038, 0.03, 0.073, 0.047, 0.013, 0.034, 0.021, 0.013, 0.017, 0.021, 0.017, 0.017, 0.021, 0.009
10010, 0.094, 0.08, 0.094, 0.061, 0.061, 0.094, 0.033, 0.07, 0.038, 0.047, 0.023, 0.038, 0.028, 0.061, 0.028, 0.023, 0.019, 0.023, 0.023, 0.019, 0.014, 0.019, 0.009
10011, 0.182, 0.072, 0.077, 0.05, 0.05, 0.022, 0.033, 0.077, 0.061, 0.022, 0.039, 0.006, 0.006, 0.028, 0.061, 0.055, 0.011, 0.039, 0.044, 0.033, 0.011, 0.022, 0.0
10012, 0.159, 0.119, 0.074, 0.063, 0.063, 0.048, 0.015, 0.063, 0.059, 0.037, 0.037, 0.011, 0.037, 0.019, 0.044, 0.056, 0.026, 0.026, 0.015, 0.0, 0.007, 0.004, 0.019
10013, 0.161, 0.061, 0.087, 0.048, 0.045, 0.053, 0.119, 0.05, 0.026, 0.019, 0.056, 0.042, 0.029, 0.026, 0.016, 0.037, 0.011, 0.016, 0.037, 0.008, 0.008, 0.021, 0.024
10014, 0.095, 0.114, 0.114, 0.068, 0.06, 0.043, 0.019, 0.06, 0.038, 0.054, 0.046, 0.027, 0.043, 0.033, 0.033, 0.06, 0.011, 0.011, 0.022, 0.005, 0.003, 0.024, 0.019
10016, 0.088, 0.091, 0.091, 0.058, 0.058, 0.056, 0.032, 0.058, 0.053, 0.05, 0.029, 0.026, 0.023, 0.041, 0.056, 0.006, 0.056, 0.026, 0.018, 0.056, 0.006, 0.012, 0.012
10017, 0.076, 0.036, 0.056, 0.056, 0.096, 0.061, 0.01, 0.081, 0.117, 0.036, 0.056, 0.051, 0.041, 0.03, 0.03, 0.01, 0.041, 0.03, 0.025, 0.01, 0.01, 0.025, 0.015
10018, 0.098, 0.067, 0.078, 0.067, 0.088, 0.062, 0.021, 0.057, 0.067, 0.041, 0.036, 0.026, 0.016, 0.052, 0.036, 0.005, 0.041, 0.021, 0.026, 0.031, 0.036, 0.021, 0.005
10019, 0.141, 0.047, 0.126, 0.058, 0.072, 0.022, 0.022, 0.065, 0.043, 0.051, 0.054, 0.004, 0.007, 0.032, 0.054, 0.051, 0.025, 0.043, 0.025, 0.018, 0.011, 0.022, 0.007
10021, 0.129, 0.081, 0.022, 0.065, 0.097, 0.075, 0.027, 0.038, 0.054, 0.032, 0.043, 0.075, 0.075, 0.054, 0.011, 0.038, 0.016, 0.011, 0.016, 0.0, 0.005, 0.016, 0.022
10022, 0.114, 0.091, 0.091, 0.05, 0.061, 0.066, 0.039, 0.055, 0.055, 0.028, 0.047, 0.033, 0.028, 0.058, 0.039, 0.036, 0.022, 0.019, 0.025, 0.014, 0.003, 0.019, 0.006
10023, 0.103, 0.098, 0.098, 0.072, 0.082, 0.077, 0.026, 0.041, 0.036, 0.031, 0.015, 0.031, 0.067, 0.026, 0.031, 0.046, 0.005, 0.01, 0.031, 0.005, 0.005, 0.021, 0.041
10024, 0.084, 0.126, 0.053, 0.079, 0.084, 0.063, 0.047, 0.037, 0.042, 0.042, 0.021, 0.037, 0.042, 0.037, 0.037, 0.047, 0.026, 0.016, 0.011, 0.0, 0.005, 0.021, 0.042
10025, 0.08, 0.075, 0.038, 0.113, 0.052, 0.066, 0.103, 0.019, 0.019, 0.066, 0.019, 0.085, 0.038, 0.023, 0.047, 0.019, 0.042, 0.028, 0.014, 0.014, 0.028, 0.009, 0.005
10026, 0.054, 0.135, 0.081, 0.081, 0.095, 0.095, 0.068, 0.108, 0.0, 0.041, 0.081, 0.0, 0.054, 0.014, 0.014, 0.014, 0.014, 0.0, 0.0, 0.0, 0.014, 0.027, 0.014
10027, 0.069, 0.076, 0.055, 0.062, 0.069, 0.09, 0.09, 0.069, 0.041, 0.021, 0.076, 0.103, 0.034, 0.014, 0.014, 0.021, 0.028, 0.014, 0.021, 0.0, 0.021, 0.007, 0.007
10028, 0.127, 0.087, 0.06, 0.08, 0.06, 0.053, 0.04, 0.06, 0.053, 0.033, 0.04, 0.04, 0.067, 0.02, 0.027, 0.027, 0.02, 0.027, 0.02, 0.007, 0.007, 0.013, 0.033
10029, 0.052, 0.115, 0.016, 0.094, 0.052, 0.063, 0.105, 0.01, 0.005, 0.141, 0.031, 0.052, 0.058, 0.037, 0.0, 0.016, 0.016, 0.026, 0.0, 0.0, 0.063, 0.01, 0.037
10030, 0.032, 0.129, 0.129, 0.097, 0.097, 0.0, 0.032, 0.0, 0.0, 0.032, 0.065, 0.032, 0.161, 0.0, 0.0, 0.065, 0.0, 0.0, 0.032, 0.0, 0.0, 0.065, 0.032
10031, 0.03, 0.081, 0.051, 0.101, 0.061, 0.081, 0.081, 0.03, 0.04, 0.141, 0.04, 0.101, 0.051, 0.0, 0.01, 0.0, 0.02, 0.0, 0.01, 0.0, 0.051, 0.01, 0.01
10032, 0.027, 0.054, 0.0, 0.108, 0.081, 0.095, 0.122, 0.068, 0.014, 0.122, 0.027, 0.122, 0.027, 0.027, 0.0, 0.0, 0.0, 0.027, 0.0, 0.014, 0.054, 0.0, 0.014
10033, 0.013, 0.092, 0.039, 0.158, 0.039, 0.066, 0.132, 0.026, 0.013, 0.053, 0.039, 0.053, 0.066, 0.026, 0.013, 0.013, 0.0, 0.026, 0.0, 0.0, 0.118, 0.0, 0.013
10034, 0.024, 0.084, 0.072, 0.072, 0.024, 0.036, 0.036, 0.072, 0.024, 0.133, 0.072, 0.048, 0.036, 0.024, 0.012, 0.0, 0.0, 0.024, 0.012, 0.0, 0.169, 0.012, 0.012
10035, 0.06, 0.12, 0.0, 0.1, 0.12, 0.1, 0.08, 0.0, 0.02, 0.12, 0.0, 0.06, 0.08, 0.02, 0.0, 0.0, 0.02, 0.04, 0.0, 0.0, 0.06, 0.0, 0.0
10036, 0.116, 0.088, 0.113, 0.069, 0.088, 0.041, 0.038, 0.053, 0.038, 0.044, 0.041, 0.016, 0.028, 0.044, 0.025, 0.031, 0.013, 0.031, 0.016, 0.013, 0.025, 0.016, 0.016
10038, 0.086, 0.057, 0.069, 0.074, 0.057, 0.12, 0.08, 0.04, 0.04, 0.017, 0.069, 0.029, 0.046, 0.069, 0.029, 0.017, 0.017, 0.017, 0.029, 0.0, 0.006, 0.006, 0.029
10040, 0.022, 0.022, 0.065, 0.13, 0.043, 0.109, 0.109, 0.13, 0.0, 0.087, 0.022, 0.065, 0.022, 0.0, 0.0, 0.0, 0.022, 0.0, 0.0, 0.0, 0.152, 0.0, 0.0
10065, 0.119, 0.112, 0.075, 0.067, 0.06, 0.075, 0.03, 0.03, 0.052, 0.03, 0.022, 0.045, 0.03, 0.045, 0.045, 0.067, 0.015, 0.015, 0.022, 0.007, 0.0, 0.007, 0.03
10075, 0.118, 0.129, 0.047, 0.071, 0.071, 0.059, 0.047, 0.035, 0.094, 0.035, 0.012, 0.024, 0.082, 0.047, 0.012, 0.024, 0.012, 0.024, 0.024, 0.012, 0.0, 0.012, 0.012
10080, 0.167, 0.167, 0.0, 0.0, 0.167, 0.5, 0.0, 0.0, 0.0, 0.0, 0.0, 0.0, 0.0, 0.0, 0.0, 0.0, 0.0, 0.0, 0.0, 0.0, 0.0, 0.0, 0.0
10112, 0.083, 0.0, 0.167, 0.083, 0.083, 0.25, 0.0, 0.0, 0.0, 0.0, 0.0, 0.0, 0.0, 0.25, 0.083, 0.0, 0.0, 0.0, 0.0, 0.0, 0.0, 0.0, 0.0
10119, 0.091, 0.273, 0.0, 0.091, 0.0, 0.273, 0.0, 0.0, 0.091, 0.0, 0.0, 0.0, 0.091, 0.091, 0.0, 0.0, 0.0, 0.0, 0.0, 0.0, 0.0, 0.0, 0.0
